$ANSIBLE_VAULT;1.1;AES256
30386561643938373138323662653965656363643838623733333135373266616637633666363230
3931326362636439616263656165303734333537373838350a663832633337383231396161386538
33663262303531346436373433316531623663353836646566633537656134383765353231373232
6464663734366133620a343037333364373234373361643163346133343339376236366632616536
33653565373630356163653061323565653463363030343365366230356332393862333834383564
64646533333830653332333865643534333739613166633536376361353239356662313437383664
30396565323133303863353662393935373362633934633965653532373234303732323439326330
37333138306263366631383862386339366362663465663330366462336263343438386430623438
38393230323936623632633533373839646639656163383937333661663430323162323537383762
31386163383239353930633762666663363336333232636265373661363931633230363461656136
62643964363338333635356631366138323463376165633766353131653533316137373531643131
38353065636233636265356430343232393064363733616463333539656137653533386461383432
35353437643333646565313038653338636331346532333966613130613138346366303939306634
61663232613163383331663338383134336661616464306465386530386339623265633864323630
61306462643632306437383661326562323837343466653633643239653835616437366363653033
37326339663931306165303266646530306431303464616135343261643762326432623636343035
32323761303963313865666530623831366362663962666236373737623534653536396366326463
35663963633733626238653038303732333039383239633838373330373365616566343161333636
31313430623636343038323136663531393732336566626662386435376634303963373161356637
37666431353363363862306462326364386430656633353839653566666639623766366263346564
66636330643132653630303234353435356134353965333137363037663831646433336130653464
39316661343233616336346532323161366638343832313962653866356235646366396465613435
33306339363636303365343135636630303232663537323562323864633565303436613764316662
35643165636263383765396238313261326430313631663432386438313639643565613035396432
61306131333035346536363336633735656433623633646265366639346236323730626662653664
36323065393061623938396666373535626233613236353530613661643166343934356461643933
32323965613333393566323330343030353964393331383439326437623735663736373636626238
62393437326163323837353536663162633463356438313130333033376166643832393431643962
64326435373738623237666466336364393539383633643039346139643930646430316230336235
32306534363965306162393566643362303865643366376530383539663161646434353639346364
31303435623134616338376264396233633136353232303934333837616364316238356233633162
62363564333665616336636465303933613061336263626234303832626464346334353330343139
31393734353430353635383633346535643533383262613130313563656230663933396434636664
65333234363839333665663731323530366566653039323961366462633731613066636433353963
65613662653431653661323637643739313635306364363962393835623833623130343563616539
63326232393166623630326631393362633361333537396630616237316362366134356431313162
62656234336462366233366339336363653932313038363633316661613932346264643134323431
36616266626334343535396432653635656462393630386232336335663266393764336538666238
65323339633232613161373161386261663936393762303434323338616631386462376163616531
64373439356237323932643463326433653932666230386132393738613538666536336362396133
32333536636162656135393333373038336633343338316433303133393932653965363261613061
64643166343864646666646363663364313161386466663434323831326338633361646536626233
37343934663361623330613336613762643462356565623663353036313365306137363132303366
33323263363362396433643233626136373162656635363333646666343463616536626139333461
35303765383135626232333337386364383735643731343434386235313131383066303434613936
37386361303364343237643934393831353636623066386130383933616632613035393562376638
61613839623839303732363835366166393039333665626637633062343563636264353364356230
38376635333161353434376236396338396337653261356232663432613534303463663937656564
37326333386164343935363063656436653235663661663032666663643034616561383033326235
35613565626661363562616639303039623631643265336531303231393035323166653638323063
33663731633761363762613663636462303562643162616332636438616434393531393538303261
32366533303337663964383862393065386261626462613230396464623535306639396537333863
33373933316135323962646237366332623931626532323763396164613737663134663865623337
36646338373135653264333534313530313130633265323830633433386630306366306262616338
36353738636565366165323361663934343939343764633330613739636666653237666261303164
34633864333035353431623332336331333733376162323731306235663031656632386635363039
66393333656232633062613764396134643030373564396632306238303537373765353836663637
32653632386430663663623962653636316634393134306439346536663131396138383765663033
65663636396539396138336131323133656436366238323536313435646231383437623365613532
63316264343731343562653765393538626430373433313261666538326233333938323632363137
37636565663264303431666639366431626637376563313061336462643233643565313336343637
32633838666262383837323730386632363933303937383863373539353830636262346333366638
33386335373537363066646566373761316266616465646339653237303661333839313634353662
37666639386263643139653534353333396564386163396464343232336464323161376232356133
30386565646231653564636336316134353033613337366130613836363163666437623565613861
65616261643363633261653865353337386366336336616631393761366563383965653837393931
38336264613838356432636263636263613663643838626531313138383564663833666166646333
33656532373434613566616530346131363266353965626134373563616635316465633064383331
64393031306663366235336262666165656139633339623630386266393731393235326363326666
32313431383762343535366633303662306534313132313966343035346264386539326635343938
63303733653331373235636165643465303766393361396662326339306161633537386433336362
35623230393037396263373765366538373239333664636432346234313666633164386330336463
38363337353331346166353033393166393563396333373661666232623538303966336536613131
33313533333262376535363966633366643263356533636163633931626334616138666564396335
34376338313162396439316162303233633864353432323861646330396236623561313261323865
65663863303335373936393662366237393264633736646466333330316438613937643733393261
64373637626361616563366338373839333233653731643761643836643931393634666434343835
34313437363135656133623033386232623666353932333430393732376137363032313538343461
62313531643962356165363935343862333230396339396265616435663961313430303439303230
34633363326230613035653062363665323631353737666134636164396530386263643362646564
64366466613366303066366366333137636531653732326437663963666464623464396135306662
32353531343830303261613337326331353531626135333132633938353934363836333230613038
39316336326435616237626361333731346466393538386633623632633039313763633830646631
37363164303539313634613138343062353261616434643064643134663433386363653731646262
62383161323339306136623263633230326130633464313865313931323864383335643636633462
61643562313664343861333562663433643832643438366433626536336135353530353336333339
32373062363634333866363061383038633665653133636333363330616562303662613338666563
61376336636433333963343537353966383532663936343065623836336630303034353238376333
34626636636134613133653966343235663839633036353564323838316661383736383638313861
36366335303537653562653462383135393635386363333037626230346364373064613739386234
62353134343965613437623364643733393335663038666534313661313230363237643363333239
33336331346562353030336162663764316336393262323136346264376531646463353239366230
61353833353864356531616432353334356266623333613261613732643233306463383735653563
37633032373733376161323035353166353663356661323937613266623434353261326563306562
31323963623165373433666534353834386162663437663331636435613962636132623534363437
32323962623335613830316438306134623232343563313639633136396437353634353134363531
64343438356334656165303066356461636239336337656665386265626530313534646365353764
38376532663736643836623265613239343461323439316238376432633032636366376636383839
62373535323439643332623030313834336533383836383832376234646562323566343139373334
34363165663132376366623135366138633137366430323637623937303731376166346533376162
66383566356636333636306435306463343062303565653736393564346261373161373932353038
66616533373063636634613639643231616562396339363132666335323439336134656365653662
33346336306336333437303233353734643330656532383537393336323432396436656239653066
64343465306662666564633633383130393264383531393438396663303232626466346231613738
65333338626230636664623636303065663032373665333532353832336461623161343166646635
34353261616635616130613634646535643362343162623366623537393537373462376131396532
33316130663230653862356233343761393166353561613938636133386365393863353237353531
33393263636631623762396238663065346261343664396533323335633962306564373730393839
36396237626666343661346432323439386630636564663835343662616264353433656163636162
39356462653539346633383664316339333663343661623737653436363539386434373435643961
38356332616536323633643265306438393937303730323138653138616463623066326433323037
30376631343034316539646133373739376663643936343466363530646230633533336530333237
64663332646462396438343430626466343738326332666665393761663262626231613630623132
65326436346238323264343735653864306562343865343735396631306332633064333461323464
66373937393661343839623739623334306662353238383439363535343639616339393966626662
36306139383336303335633766613430396434376662313333636464616538663363393265343265
32303264643661653236663632633661373963353539326330313665356339336565363061646163
63313036393962343136613532393033616166396331656239373639396530393531616130636430
65666238316564323361363063623464333139383234633831323533663761653664663762316537
64323164393137306634336666336630333762373833373066346137316636383734306530306333
32613638663537623832336365373562623063653561363066613263626531326238323430366432
62356666616366303266343164363530626635383763363931623533613065636162653532363435
64373131346365613339336665363764653837623239313733393165303838623338323732383133
34613761626534373866386366343338633164366337663734336334353839633366336134303932
61646561666337363438666635313065386230336335303439656438306137636537336162663663
64323765393337306639313065333864653361313839663234616565323635636633383961346434
65353336366135613436663261666432393230656532363833633134313030656130316635323531
32653362313331346464303531383532643233313631366235633432313962303065323965653262
39376562633734666631333038613430336163303538636435656339396364653933336361316232
39303962333332326135363831633035313930353434616232653333303734633564333761663435
64343337386166376636623238333861656561613737363565376439633439323865353335363830
62356335666438303663386631356338626135366665393063326532353130393633613133653766
37353166376431653964373065613535393165333330356636613931643131326239613438653538
34336263643739663062366237323634306332616665343835386564386330363664656233333833
36376534623064316362316235393037663434663937663961346561313631353635356435643630
62623935633531376239656633366631346231613064376530333565393836623235353663396634
36663662643936326537623061613766316165393432366633613462396632323238306635383161
63623463373333626434616666393762656631386531653333663666616338343737393562643863
61656533326663636331383664653832383232393064346232386536363366303061373066306362
32343635656333306536663033356339623962376138386532326261663536616137313061316334
37326330393338303033376162636564613465353935323862383264363835346132373939393362
61396162633265636131303764663161316264396239316366643663626364393830653234643735
35396238383031376662346634613335383733366339633330663233373834333132393962626463
39396662643834333031363530386634613537316161643039356338306631363935376263393236
30386365346239626662333935333166373761376231626632363263323332613334323935393762
30353533353239336261646435613866613535366538623137346561613534616536636330653536
37353034323830623036383032316637383866393462393432376338386263383032306432346634
34326230383537373436363233373764373265313035333838326461343435336666636565326334
34326635383930336431353264316434623139623439643833396138633761336165633836393535
38666130616338353934633462653331313330613331303930386666306362663061636661396465
34393162653432616366623230396363326665386239336135653135653035333137303663363961
66353264313666333935313537623462313932653935653064393233393364623936616336336435
37343139313866373731393038613632373332653739633133396232663265643937343530306136
33613134363830316133396130663939313634393464626338393066343232343134616463643965
38666538356533633438313035323836346463316236623331373233663933386361613232346436
32613338333561323366303035316336303036613263313431653230323064313537653536313433
30393836656261326163363836636165313963616135616437313464366530353133616433316339
65623466396136363437353737396137383238353638313538386536373765313937313165353637
36333133373533326564623036316435613135353061303662326331636463333365626331613162
30333030396466343164333939343437343965623339303333306336363962396463303139376135
30353931663235613237303364633463383766643539373238303163383539653435323365366236
33636437613132356432373765383230616532623665373535646539363433653738616137643339
30646164623532353661636138343666653562386334623937393266646332373561616338366630
62333663313930363534336531613730363261326461616230373962383164353737323834303939
38356136396239373238316237306162613333366465613031643938353937613336353737363265
37333231376232336664613335313038336234343462396433326239653533343438313530323539
36623231323766373138333064616164653631616233623634366636353066326265326136393464
36353736316566666162383836303664343963613633656635626661303238646363633961353564
64656237363739343165636165313038316338373365626230626139373838613965633063616438
3235653165373566646463636339623637643666313230376464
